tracker	detector	nn	learner	sum
3	15	2	1	21
3	15	2	2	22
2	17	2	1	22
3	19	2	2	26
2	16	2	1	21
3	17	2	2	24
2	17	2	2	23
2	20	3	2	27
2	18	1	0	21
2	19	1	0	22
2	21	1	0	24
3	22	1	0	26
2	23	1	2	28
3	18	2	1	24
2	20	1	2	25
3	19	2	2	26
3	19	1	2	25
2	19	2	1	24
2	18	0	0	20
3	19	1	0	23
2	20	1	0	23
3	22	1	2	28
3	20	1	0	24
3	22	1	0	26
2	23	1	2	28
2	23	1	2	28
2	22	1	2	27
4	20	1	1	26
3	20	2	1	26
3	21	1	1	26
3	22	1	2	28
3	19	1	2	25
2	19	2	2	25
3	20	1	1	25
2	21	0	2	25
3	22	0	0	25
2	25	0	0	27
2	25	1	0	28
3	29	0	0	32
3	36	0	0	39
2	34	0	0	36
3	36	0	0	39
2	37	0	0	39
2	38	0	0	40
3	37	0	0	40
3	38	0	0	41
3	39	0	0	42
2	41	0	0	43
3	40	0	0	43
2	39	0	0	41
2	40	0	0	42
3	40	0	0	43
2	38	0	0	40
2	35	0	0	37
3	33	1	0	37
3	33	0	0	36
2	31	0	2	35
2	24	0	2	28
2	24	0	2	28
2	24	0	2	28
2	24	0	1	27
4	23	0	2	29
2	30	0	2	34
2	23	0	2	27
2	24	0	1	27
2	23	1	1	27
2	23	0	1	26
2	22	1	1	26
3	22	1	1	27
2	22	1	2	27
2	22	1	2	27
2	26	0	2	30
2	23	1	1	27
2	27	1	1	31
2	28	0	2	32
2	23	0	2	27
2	22	1	2	27
2	24	1	2	29
3	21	1	1	26
3	21	1	1	26
3	21	0	1	25
2	21	0	2	25
2	21	0	2	25
2	22	1	2	27
2	24	1	2	29
2	25	2	2	31
2	26	1	3	32
2	27	1	3	33
3	30	1	2	36
2	34	1	2	39
3	31	1	2	37
2	28	2	1	33
2	28	2	1	33
2	28	2	2	34
3	29	2	2	36
3	29	1	1	34
3	30	2	2	37
4	30	2	2	38
2	29	2	2	35
3	31	1	2	37
2	35	2	2	41
2	30	2	2	36
2	32	1	2	37
2	33	1	2	38
2	33	2	2	39
2	35	2	1	40
3	32	2	2	39
2	33	2	2	39
2	31	1	2	36
2	33	1	2	38
3	33	1	2	39
2	32	1	2	37
2	32	1	2	37
2	36	2	2	42
2	32	1	2	37
3	31	2	2	38
2	33	2	1	38
2	34	3	2	41
3	36	2	1	42
2	42	2	2	48
2	32	3	1	38
2	36	2	2	42
2	32	2	1	37
2	31	1	2	36
2	31	2	2	37
2	33	2	0	37
2	38	0	0	40
3	40	1	0	44
2	42	1	0	45
2	46	0	0	48
2	46	0	0	48
2	46	0	0	48
2	46	0	0	48
3	51	0	2	56
2	53	0	1	56
3	53	0	2	58
2	55	1	1	59
2	55	0	2	59
2	54	1	2	59
1	54	0	2	57
2	54	1	1	58
2	50	1	2	55
3	50	1	1	55
2	48	0	2	52
2	48	0	0	50
3	45	1	1	50
2	45	1	0	48
3	46	1	2	52
2	47	0	0	49
3	50	1	0	54
3	48	1	2	54
2	48	1	2	53
2	52	1	2	57
2	50	2	1	55
2	52	2	1	57
2	50	1	2	55
2	51	2	2	57
2	53	1	2	58
2	52	1	2	57
2	51	2	2	57
2	52	2	2	58
2	52	2	2	58
2	52	2	2	58
2	52	2	2	58
2	51	3	1	57
3	53	2	2	60
3	51	2	2	58
2	52	4	2	60
2	52	2	2	58
2	52	3	1	58
4	53	2	1	60
2	51	2	1	56
2	51	2	1	56
2	52	2	1	57
2	52	1	2	57
3	51	2	1	57
2	50	1	2	55
2	53	2	2	59
3	50	2	2	57
2	51	2	1	56
2	50	2	1	55
3	51	2	1	57
2	49	2	2	55
2	51	1	2	56
3	55	1	2	61
3	51	2	1	57
2	51	2	1	56
3	49	1	2	55
2	50	1	2	55
3	50	1	1	55
3	50	1	1	55
3	53	1	0	57
3	51	2	1	57
2	53	0	1	56
3	55	0	2	60
2	57	0	0	59
2	56	2	1	61
2	59	2	1	64
3	60	2	0	65
3	57	0	0	60
2	56	1	0	59
3	56	0	0	59
2	51	0	0	53
2	49	0	0	51
3	51	0	0	54
2	61	1	0	64
2	61	1	0	64
2	59	1	0	62
2	58	1	1	62
3	56	1	0	60
2	58	1	0	61
2	64	1	1	68
2	56	1	0	59
2	59	0	2	63
2	55	1	0	58
3	47	1	0	51
3	49	1	2	55
2	50	1	0	53
2	50	1	3	56
2	50	2	0	54
2	49	2	3	56
3	49	2	0	54
2	50	1	0	53
3	50	2	0	55
3	51	1	2	57
2	50	1	2	55
3	50	1	2	56
2	49	3	1	55
2	49	2	2	55
3	49	2	2	56
2	49	2	1	54
2	52	2	2	58
2	51	2	1	56
2	51	2	1	56
3	50	2	2	57
2	49	2	2	55
2	49	2	1	54
2	50	2	2	56
2	52	2	2	58
2	52	1	2	57
2	49	2	1	54
2	49	2	2	55
2	50	2	2	56
2	50	2	1	55
2	50	2	1	55
2	52	2	1	57
2	50	2	2	56
2	54	1	2	59
3	51	0	2	56
2	51	1	2	56
2	49	1	2	54
2	50	1	2	55
6	51	1	1	59
2	50	2	2	56
3	51	1	1	56
2	51	1	1	55
2	51	1	1	55
2	52	2	2	58
2	50	1	2	55
2	53	1	2	58
2	52	2	1	57
2	50	2	1	55
3	51	3	1	58
2	48	1	1	52
2	49	1	1	53
2	48	0	0	50
2	49	0	0	51
2	47	1	0	50
2	46	0	2	50
4	48	2	2	56
2	50	2	2	56
2	48	2	1	53
2	50	1	2	55
2	50	1	2	55
2	51	2	1	56
2	50	2	2	56
3	51	2	2	58
2	51	2	1	56
2	50	3	2	57
2	49	2	1	54
2	48	2	2	54
2	47	2	1	52
2	46	2	1	51
3	46	2	2	53
2	47	2	2	53
2	48	2	2	54
2	49	3	2	56
3	52	3	1	59
2	50	2	1	55
2	51	2	2	57
2	50	2	2	56
2	49	2	2	55
3	48	3	2	56
2	47	2	2	53
2	46	2	1	51
3	44	3	1	51
2	46	1	2	51
2	46	3	1	52
3	48	3	2	56
3	50	3	1	57
2	50	2	2	56
2	53	2	2	59
2	49	2	2	55
2	50	2	2	56
2	52	3	1	58
2	50	2	1	55
2	51	2	2	57
3	49	2	1	55
5	50	2	1	58
2	50	2	2	56
2	50	0	2	54
2	49	2	2	55
2	50	1	0	53
2	51	1	0	54
2	50	1	0	53
3	52	1	0	56
3	50	1	0	54
2	50	2	0	54
2	49	1	0	52
2	49	1	0	52
2	49	1	2	54
2	51	0	2	55
2	55	1	2	60
2	51	1	1	55
3	50	2	1	56
2	52	1	3	58
2	51	2	1	56
2	50	1	0	53
2	52	2	0	56
2	51	2	1	56
3	51	2	1	57
3	51	1	2	57
2	50	1	2	55
2	51	3	1	57
2	52	2	2	58
3	52	2	2	59
2	53	3	2	60
2	52	1	2	57
2	51	2	2	57
2	51	3	2	58
2	53	3	2	60
2	52	3	1	58
2	51	3	1	57
2	53	3	1	59
2	51	3	1	57
2	52	2	2	58
2	53	2	1	58
2	51	2	2	57
3	50	3	2	58
3	51	2	2	58
1	49	3	1	54
4	49	3	1	57
2	49	2	2	55
2	50	2	2	56
2	49	3	1	55
2	51	2	1	56
2	52	2	2	58
2	53	2	2	59
2	48	2	2	54
2	48	3	1	54
2	46	2	1	51
2	46	2	1	51
2	46	2	1	51
2	50	3	2	57
2	54	2	2	60
2	51	1	2	56
3	51	3	2	59
2	50	2	2	56
2	49	3	2	56
2	48	3	1	54
2	45	2	2	51
2	47	1	0	50
3	49	2	2	56
2	49	2	2	55
2	49	3	2	56
3	49	3	1	56
2	51	2	2	57
2	49	2	2	55
2	50	2	2	56
2	50	3	1	56
2	50	3	1	56
2	49	2	2	55
2	48	2	1	53
2	46	1	2	51
2	46	2	2	52
3	49	3	2	57
2	48	1	2	53
2	50	2	2	56
2	51	2	2	57
2	53	2	2	59
2	53	2	1	58
2	52	1	0	55
7	58	0	0	65
2	52	1	0	55
2	52	0	0	54
3	52	0	0	55
2	54	1	0	57
2	55	0	0	57
2	52	0	0	54
4	55	1	0	60
2	54	0	0	56
2	55	1	0	58
2	53	1	0	56
2	53	0	0	55
2	54	0	0	56
4	55	1	0	60
2	53	1	0	56
2	53	2	2	59
3	53	2	1	59
3	54	1	2	60
2	54	1	2	59
3	55	1	2	61
3	54	3	1	61
2	53	1	3	59
2	53	1	0	56
2	52	2	1	57
2	55	2	2	61
2	58	2	4	66
2	54	2	1	59
2	54	2	1	59
2	53	2	1	58
2	54	2	1	59
2	53	2	1	58
2	56	2	2	62
2	54	2	1	59
2	56	1	2	61
2	53	1	2	58
2	56	2	2	62
2	53	2	1	58
3	55	2	2	62
2	53	2	2	59
1	54	3	1	59
2	53	3	1	59
2	57	1	2	62
2	55	2	2	61
2	54	3	1	60
1	55	2	0	58
2	55	2	2	61
2	56	2	3	63
2	54	2	0	58
2	54	1	2	59
2	55	2	2	61
3	55	2	1	61
2	54	3	2	61
2	55	2	1	60
2	54	2	2	60
2	56	2	2	62
3	54	3	1	61
2	54	2	1	59
3	54	2	1	60
2	54	4	1	61
2	54	3	2	61
2	53	4	1	60
2	53	3	1	59
2	53	3	1	59
1	54	3	1	59
2	53	2	2	59
2	53	3	1	59
3	53	3	1	60
2	56	3	2	63
2	53	3	2	60
2	53	4	1	60
2	53	3	2	60
2	54	3	1	60
2	52	3	2	59
2	52	4	2	60
3	54	2	2	61
2	52	3	2	59
2	52	3	2	59
3	53	2	2	60
2	52	3	1	58
2	55	3	1	61
2	53	2	2	59
2	54	4	2	62
3	53	3	2	61
2	54	3	2	61
2	52	3	2	59
2	53	4	1	60
3	53	3	2	61
2	53	3	1	59
3	53	4	1	61
2	52	4	1	59
1	52	4	1	58
2	52	4	2	60
2	54	3	2	61
2	55	5	1	63
3	56	5	1	65
2	56	3	1	62
2	53	4	2	61
1	56	4	2	63
3	55	4	4	66
3	55	3	2	63
2	53	4	1	60
2	53	4	2	61
2	53	4	1	60
3	53	4	1	61
2	53	5	1	61
2	53	3	2	60
2	52	4	1	59
2	53	4	1	60
2	54	4	2	62
2	54	3	2	61
3	54	3	2	62
2	53	3	2	60
2	52	4	1	59
1	52	4	1	58
1	52	4	1	58
2	54	3	2	61
2	52	4	2	60
3	55	4	1	63
3	52	4	1	60
2	54	3	2	61
2	52	3	2	59
3	55	4	2	64
2	53	3	2	60
2	52	3	1	58
2	53	3	2	60
2	53	3	2	60
2	53	3	1	59
2	57	3	2	64
2	53	4	1	60
2	52	5	2	61
2	54	3	2	61
2	53	3	1	59
2	53	2	1	58
1	53	3	1	58
2	53	3	2	60
2	54	3	2	61
2	57	2	2	63
2	53	3	2	60
2	52	3	1	58
2	55	3	2	62
2	54	2	2	60
2	55	2	1	60
2	54	2	2	60
2	55	2	2	61
2	55	2	1	60
2	57	2	2	63
2	54	2	2	60
2	54	1	2	59
2	54	3	1	60
2	53	1	2	58
2	53	2	1	58
2	56	1	2	61
3	55	1	0	59
2	55	1	2	60
2	53	1	0	56
2	54	2	1	59
2	54	2	1	59
2	55	1	2	60
3	54	2	2	61
2	53	2	2	59
2	53	3	1	59
2	54	3	1	60
1	53	2	2	58
2	54	3	2	61
2	53	2	2	59
2	53	2	2	59
2	53	2	1	58
2	54	3	1	60
2	53	2	2	59
2	53	3	2	60
2	53	3	1	59
2	56	3	1	62
2	53	3	1	59
2	54	3	1	60
2	52	2	2	58
2	54	2	2	60
2	50	2	2	56
2	50	2	2	56
2	51	1	2	56
3	50	2	2	57
2	50	2	1	55
2	50	1	2	55
1	50	2	0	53
2	48	1	1	52
2	48	2	1	53
1	53	1	2	57
2	53	2	0	57
2	53	2	0	57
2	48	2	0	52
1	48	2	0	51
2	49	2	0	53
2	48	3	0	53
3	49	2	2	56
1	49	2	1	53
2	50	2	2	56
2	51	2	2	57
2	50	2	2	56
2	51	2	1	56
2	51	1	2	56
2	51	2	1	56
2	53	2	2	59
2	50	3	1	56
2	54	2	2	60
2	53	2	2	59
2	54	2	2	60
2	53	3	2	60
2	56	2	2	62
3	55	3	1	62
2	59	3	2	66
2	58	2	0	62
2	59	1	0	62
2	57	3	0	62
2	58	1	0	61
2	55	3	0	60
2	53	2	0	57
2	51	1	0	54
2	52	2	1	57
2	53	3	1	59
2	56	4	2	64
3	62	0	2	67
2	61	1	0	64
2	61	2	1	66
2	60	3	4	69
3	61	3	3	70
3	59	2	2	66
2	60	2	0	64
2	62	2	2	68
2	61	3	2	68
2	60	4	3	69
3	59	5	1	68
2	58	4	2	66
2	59	5	2	68
2	63	4	2	71
3	59	5	1	68
2	59	4	3	68
3	60	4	1	68
2	57	5	1	65
2	59	5	3	69
3	59	5	1	68
2	58	4	2	66
2	60	3	1	66
2	60	4	1	67
3	58	4	1	66
2	58	4	1	65
2	59	4	1	66
3	58	5	2	68
2	60	4	4	70
4	60	4	0	68
2	58	2	3	65
3	57	4	1	65
2	59	4	3	68
4	58	4	0	66
1	59	4	0	64
1	59	5	2	67
2	58	6	1	67
2	57	7	2	68
2	61	6	1	70
3	60	5	2	70
3	59	6	2	70
2	58	6	2	68
2	59	6	2	69
2	59	6	2	69
2	60	5	1	68
2	59	4	2	67
2	59	4	2	67
2	58	5	1	66
2	58	5	2	67
3	59	5	1	68
2	60	4	2	68
2	59	4	2	67
2	58	4	1	65
2	59	4	1	66
2	58	4	2	66
2	58	3	2	65
3	61	4	3	71
3	61	3	1	68
3	59	4	2	68
3	60	4	1	68
2	58	5	2	67
2	58	4	1	65
2	61	5	3	71
3	59	5	0	67
1	57	6	1	65
2	58	4	2	66
2	60	5	2	69
2	58	5	2	67
3	58	5	2	68
2	58	6	2	68
2	57	4	2	65
2	58	2	2	64
2	57	2	1	62
2	56	2	1	61
2	57	1	0	60
2	58	1	0	61
2	58	4	0	64
1	56	4	2	63
3	57	4	2	66
2	59	5	4	70
3	57	6	3	69
3	62	6	2	73
2	60	6	3	71
2	59	4	1	66
2	59	4	4	69
3	60	4	2	69
4	54	2	0	60
3	51	1	0	55
3	48	0	0	51
1	42	2	0	45
1	41	0	0	42
2	52	3	1	58
2	50	2	2	56
2	49	3	0	54
2	49	3	2	56
2	48	5	1	56
2	50	3	1	56
2	50	3	2	57
2	49	5	1	57
2	49	5	2	58
2	47	5	3	57
3	50	3	2	58
2	49	5	1	57
2	50	5	2	59
3	51	3	2	59
3	51	5	2	61
3	52	4	1	60
2	51	4	2	59
2	51	5	1	59
2	52	7	2	63
2	51	5	2	60
2	52	4	2	60
2	52	6	2	62
3	55	4	2	64
2	55	5	2	64
3	58	5	2	68
2	54	5	2	63
2	56	5	1	64
2	55	5	2	64
2	54	3	1	60
2	55	6	1	64
2	57	5	2	66
2	55	5	1	63
3	55	3	2	63
2	54	4	1	61
2	57	4	2	65
3	55	3	2	63
2	58	2	2	64
3	58	3	1	65
2	56	4	2	64
3	58	2	2	65
2	55	4	1	62
2	57	3	2	64
2	59	4	1	66
2	55	5	2	64
2	57	4	2	65
2	56	5	2	65
3	54	6	2	65
2	53	4	2	61
4	54	4	2	64
2	55	3	1	61
3	54	5	1	63
2	54	4	1	61
2	52	5	2	61
2	53	5	2	62
2	56	5	2	65
2	53	5	2	62
2	53	4	1	60
2	53	5	2	62
2	56	6	2	66
3	61	4	3	71
5	62	4	4	75
4	61	5	2	72
2	61	4	3	70
3	60	5	3	71
2	60	3	0	65
2	62	4	4	72
2	61	2	2	67
2	61	2	2	67
3	60	2	2	67
2	59	4	1	66
2	59	4	2	67
2	59	3	2	66
3	60	3	2	68
2	61	4	1	68
2	59	4	1	66
2	60	4	1	67
2	60	3	1	66
3	59	3	2	67
2	60	2	2	66
3	56	3	2	64
2	56	1	2	61
3	55	1	1	60
2	54	1	1	58
2	55	1	0	58
3	55	2	1	61
2	54	2	2	60
2	55	3	1	61
2	56	2	2	62
2	55	3	2	62
2	55	4	1	62
3	58	3	2	66
2	55	2	2	61
2	57	2	2	63
2	56	3	1	62
2	56	2	2	62
2	56	1	2	61
2	56	2	2	62
2	56	2	2	62
2	55	2	1	60
2	55	3	1	61
2	56	2	2	62
2	56	2	1	61
2	60	2	2	66
2	56	2	2	62
2	55	2	3	62
3	55	2	2	62
3	54	1	2	60
2	57	2	2	63
2	54	2	2	60
2	55	2	2	61
2	56	2	2	62
2	56	2	2	62
3	53	2	1	59
2	56	2	1	61
3	56	1	2	62
2	56	2	2	62
2	58	2	3	65
2	60	2	2	66
2	60	3	1	66
3	59	2	1	65
2	60	2	1	65
2	60	3	1	66
2	61	3	2	68
3	58	3	2	66
3	60	3	1	67
2	57	4	1	64
2	60	3	2	67
2	57	3	2	64
2	60	3	2	67
2	58	3	3	66
2	61	3	1	67
2	60	2	2	66
2	61	4	1	68
2	59	3	2	66
2	59	3	2	66
4	58	2	2	66
2	58	4	1	65
2	58	3	2	65
2	61	4	1	68
3	59	3	2	67
2	57	3	2	64
3	57	3	2	65
2	59	4	1	66
2	58	4	2	66
3	61	4	1	69
3	59	3	1	66
2	60	3	2	67
2	60	4	1	67
2	60	3	2	67
2	63	3	1	69
2	61	3	2	68
3	60	2	2	67
2	59	3	1	65
2	60	3	1	66
2	60	3	2	67
4	61	2	2	69
2	62	3	2	69
2	59	3	1	65
2	61	3	1	67
2	59	2	2	65
3	59	3	1	66
3	60	2	2	67
2	60	2	1	65
2	57	1	2	62
2	60	4	1	67
3	59	2	0	64
3	60	2	0	65
3	63	2	0	68
2	66	3	0	71
3	66	3	1	73
2	62	1	0	65
3	63	5	0	71
2	60	5	3	70
2	61	4	0	67
3	64	2	2	71
3	60	4	2	69
3	60	2	2	67
2	62	4	2	70
3	58	5	1	67
2	59	3	2	66
2	60	4	2	68
2	58	4	1	65
2	58	3	2	65
2	57	5	1	65
2	57	5	1	65
2	58	4	1	65
2	61	4	1	68
2	57	5	2	66
2	58	4	2	66
2	56	4	1	63
2	58	3	2	65
2	58	3	2	65
2	60	4	2	68
2	59	3	2	66
2	59	5	1	67
2	61	4	3	70
1	60	4	1	66
2	62	4	2	70
2	61	4	1	68
2	59	3	1	65
2	64	1	0	67
2	61	1	0	64
1	62	1	0	64
1	67	1	0	69
1	61	1	0	63
2	62	1	0	65
2	62	1	0	65
1	62	3	0	66
2	61	3	0	66
3	65	3	0	71
1	62	3	0	66
2	61	4	0	67
2	62	4	0	68
2	61	5	0	68
3	60	4	0	67
2	59	4	2	67
2	60	6	3	71
2	63	8	0	73
1	60	8	3	72
3	61	7	0	71
5	64	8	2	79
3	62	7	1	73
4	61	9	1	75
3	59	6	3	71
4	59	6	0	69
2	61	5	3	71
4	63	5	3	75
4	62	4	2	72
2	61	4	2	69
2	63	4	2	71
2	62	5	2	71
2	59	5	3	69
3	65	4	1	73
2	62	4	0	68
2	61	5	1	69
2	59	3	1	65
2	63	3	2	70
2	60	4	2	68
2	61	3	2	68
2	61	5	1	69
2	60	3	1	66
2	63	3	2	70
2	62	4	1	69
2	61	2	2	67
2	64	4	2	72
3	62	4	2	71
2	60	3	2	67
2	64	5	1	72
3	62	5	2	72
2	63	5	1	71
2	60	3	2	67
2	62	5	2	71
3	60	6	1	70
2	61	5	1	69
3	61	5	2	71
3	60	3	2	68
3	63	6	1	73
2	62	4	2	70
2	60	5	1	68
2	58	4	2	66
2	61	5	2	70
2	62	4	1	69
2	63	5	2	72
2	61	5	2	70
2	60	5	2	69
2	60	4	2	68
2	61	5	1	69
2	62	3	2	69
3	59	5	1	68
2	61	3	2	68
2	59	4	2	67
2	62	2	2	68
2	60	5	2	69
2	61	4	2	69
2	62	4	2	70
3	64	5	0	72
1	63	3	2	69
2	65	3	3	73
3	63	3	1	70
4	64	3	1	72
2	66	2	2	72
3	63	4	3	73
3	64	3	0	70
2	63	3	0	68
2	64	3	0	69
2	66	2	2	72
2	65	3	0	70
2	63	2	3	70
2	63	3	0	68
2	65	2	3	72
2	66	2	2	72
2	64	3	1	70
2	64	2	2	70
2	63	2	2	69
2	65	2	2	71
2	62	3	1	68
2	65	2	2	71
2	63	3	1	69
2	66	3	2	73
3	62	2	2	69
2	62	3	1	68
2	64	2	2	70
2	64	3	1	70
2	63	2	1	68
2	69	2	1	74
2	64	2	1	69
2	64	1	2	69
1	62	2	2	67
2	61	2	2	67
2	64	2	1	69
2	63	3	1	69
3	64	2	2	71
2	63	2	1	68
2	64	2	1	69
2	63	3	2	70
2	64	2	1	69
2	67	2	2	73
2	64	2	2	70
2	66	3	2	73
2	63	2	1	68
2	65	2	2	71
2	63	3	1	69
4	65	4	2	75
2	61	1	2	66
2	64	4	0	70
1	63	3	0	67
2	62	2	1	67
2	62	3	2	69
3	65	3	2	73
2	62	3	2	69
2	63	2	2	69
2	60	4	2	68
2	63	5	1	71
2	63	4	1	70
3	61	3	2	69
2	62	3	2	69
3	62	2	2	69
2	61	2	2	67
2	62	3	2	69
2	62	4	2	70
2	60	3	2	67
3	63	4	1	71
2	60	5	1	68
2	61	4	2	69
2	61	3	2	68
2	63	3	2	70
2	63	2	1	68
2	61	3	1	67
2	63	2	2	69
2	64	3	3	72
2	64	3	2	71
2	63	3	1	69
3	64	4	2	73
2	62	3	1	68
2	64	3	2	71
2	62	3	2	69
2	61	3	2	68
2	61	2	0	65
2	66	3	0	71
3	60	4	2	69
3	61	3	2	69
3	59	2	1	65
3	62	4	2	71
3	59	2	2	66
3	60	4	2	69
3	60	3	1	67
3	61	4	1	69
3	59	5	1	68
3	61	5	1	70
3	63	4	2	72
3	60	4	2	69
4	62	2	2	70
3	60	4	2	69
3	62	4	2	71
2	60	5	1	68
2	60	5	1	68
3	60	5	2	70
3	63	5	2	73
3	62	4	1	70
4	61	5	2	72
2	61	3	0	66
2	61	5	1	69
3	60	5	3	71
2	61	3	0	66
3	64	4	1	72
3	63	4	1	71
3	62	3	1	69
3	63	2	1	69
2	64	4	1	71
2	63	4	1	70
3	65	3	2	73
3	62	3	2	70
3	62	4	2	71
2	61	3	2	68
3	64	5	3	75
2	61	4	0	67
2	64	4	1	71
2	64	3	4	73
2	63	3	0	68
2	66	3	3	74
2	68	2	2	74
2	63	3	1	69
3	65	2	1	71
2	64	2	2	70
2	65	3	1	71
2	63	3	2	70
2	66	3	1	72
2	65	3	1	71
2	63	3	2	70
2	65	3	1	71
2	65	2	2	71
2	63	2	2	69
2	62	3	2	69
2	62	3	2	69
3	62	3	1	69
2	63	2	2	69
2	58	5	1	66
2	59	3	2	66
2	63	2	0	67
2	63	3	0	68
2	61	1	0	64
2	61	3	0	66
2	61	2	0	65
2	61	4	1	68
3	63	5	2	73
2	62	3	2	69
2	63	2	2	69
2	62	4	0	68
2	60	5	3	70
2	62	2	0	66
2	64	4	1	71
2	60	4	3	69
2	61	3	1	67
2	62	4	2	70
2	63	3	1	69
2	63	5	2	72
2	60	3	0	65
3	60	5	1	69
3	61	4	1	69
2	61	4	2	69
3	62	5	1	71
3	61	4	1	69
3	63	3	2	71
3	61	5	2	71
2	62	5	2	71
2	60	5	1	68
2	62	5	1	70
2	60	4	2	68
2	62	3	2	69
2	61	4	2	69
2	60	5	2	69
2	60	5	2	69
2	64	4	0	70
2	63	4	1	70
2	67	4	2	75
2	61	4	2	69
1	65	4	1	71
3	63	4	1	71
2	61	4	1	68
2	65	4	2	73
2	62	4	2	70
2	63	5	1	71
3	61	2	4	70
2	61	1	0	64
2	59	2	3	66
2	61	3	2	68
2	61	3	1	67
2	60	3	1	66
2	62	2	2	68
2	60	3	1	66
2	61	2	2	67
3	61	3	2	69
2	62	2	2	68
2	60	3	1	66
2	61	4	2	69
3	61	5	3	72
2	61	3	0	66
2	61	3	2	68
2	61	2	2	67
2	61	2	3	68
2	61	2	2	67
1	61	3	1	66
2	63	5	2	72
3	61	4	2	70
2	64	5	1	72
3	63	4	1	71
2	62	3	2	69
2	62	3	2	69
2	61	5	4	72
3	65	2	0	70
2	63	2	0	67
3	63	3	2	71
2	62	3	3	70
2	65	3	1	71
2	63	3	1	69
2	61	3	2	68
2	65	3	2	72
2	63	3	1	69
2	64	3	1	70
2	63	3	2	70
2	64	3	2	71
2	62	3	2	69
2	65	3	2	72
3	62	2	1	68
2	62	1	2	67
3	60	1	2	66
3	61	2	1	67
2	63	2	2	69
2	64	3	1	70
3	65	2	2	72
2	64	2	2	70
3	65	1	0	69
2	67	2	1	72
2	67	2	1	72
2	67	1	2	72
2	64	2	2	70
2	64	1	2	69
3	63	1	2	69
2	63	2	2	69
2	60	3	2	67
4	62	3	2	71
2	58	3	2	65
2	60	2	2	66
2	58	3	1	64
2	59	3	2	66
5	66	2	2	75
3	64	2	2	71
3	57	2	1	63
2	58	1	0	61
2	61	1	0	64
2	66	1	2	71
2	63	2	1	68
2	64	2	2	70
2	65	2	2	71
3	68	0	2	73
2	74	1	2	79
2	67	0	0	69
2	69	0	0	71
2	69	1	0	72
1	79	1	0	81
2	80	1	0	83
1	79	1	0	81
3	79	3	3	88
2	78	3	1	84
2	79	2	2	85
2	78	3	1	84
2	79	4	3	88
3	81	4	0	88
2	82	3	0	87
1	82	3	4	90
3	79	3	2	87
3	80	3	3	89
3	79	3	0	85
1	81	2	1	85
3	82	3	2	90
3	82	3	1	89
3	83	1	2	89
2	82	2	3	89
3	80	3	1	87
2	82	3	1	88
3	83	3	2	91
2	84	2	2	90
2	83	3	2	90
2	83	4	1	90
3	81	2	2	88
2	85	2	2	91
2	82	2	1	87
2	88	2	1	93
2	84	2	2	90
2	83	1	2	88
4	87	2	2	95
2	82	4	3	91
3	84	3	0	90
1	82	3	1	87
2	84	3	1	90
2	83	3	2	90
2	80	3	2	87
2	83	4	2	91
6	83	3	1	93
2	83	3	2	90
2	80	3	3	88
3	80	2	1	86
2	82	2	2	88
2	83	2	2	89
2	82	2	2	88
2	81	2	2	87
2	79	3	1	85
4	85	2	2	93
3	81	2	0	86
2	81	3	2	88
3	82	3	3	91
2	80	3	2	87
3	83	2	2	90
2	79	3	1	85
2	81	3	1	87
2	80	3	1	86
2	83	3	2	90
2	84	3	1	90
1	80	3	1	85
2	81	3	2	88
2	83	2	2	89
3	80	3	1	87
2	82	1	0	85
3	83	1	0	87
2	79	2	0	83
1	78	2	0	81
1	80	1	0	82
3	78	2	0	83
2	75	2	0	79
4	76	3	0	83
2	82	3	0	87
3	80	3	4	90
3	81	3	0	87
2	82	5	0	89
1	85	4	0	90
1	85	3	0	89
1	80	3	0	84
2	89	7	1	99
2	87	8	1	98
2	87	5	0	94
2	85	4	0	91
1	84	4	2	91
4	85	5	3	97
3	86	5	3	97
3	83	4	3	93
2	85	5	0	92
2	83	4	0	89
2	87	5	0	94
1	84	5	1	91
2	85	5	2	94
3	82	5	1	91
4	88	6	1	99
2	83	5	2	92
2	83	5	2	92
2	86	5	2	95
2	85	4	2	93
2	81	5	2	90
2	82	5	3	92
3	84	3	2	92
2	82	3	2	89
2	82	5	1	90
2	82	5	1	90
2	85	4	2	93
2	83	4	2	91
2	80	5	1	88
2	81	4	2	89
2	83	5	2	92
3	81	4	2	90
2	82	3	1	88
2	83	4	2	91
2	87	4	2	95
2	81	5	1	89
2	83	2	2	89
2	81	2	2	87
2	80	3	1	86
2	81	2	2	87
2	80	3	2	87
2	82	3	2	89
2	80	4	1	87
2	80	3	1	86
2	79	4	2	87
2	79	4	1	86
5	84	3	2	94
2	80	3	2	87
2	82	4	2	90
2	80	3	2	87
3	83	5	1	92
2	81	3	2	88
3	83	4	1	91
3	83	4	1	91
2	83	4	4	93
4	85	6	2	97
2	83	6	1	92
2	87	5	3	97
3	89	8	2	102
2	90	6	4	102
3	88	5	2	98
2	93	5	2	102
2	89	6	0	97
2	87	4	3	96
2	86	6	0	94
2	89	7	1	99
2	89	6	2	99
2	88	5	2	97
3	93	5	2	103
2	88	6	1	97
2	88	6	2	98
3	88	6	2	99
2	89	5	2	98
2	93	7	1	103
3	88	7	2	100
3	89	7	2	101
2	87	7	3	99
3	88	5	0	96
1	90	4	2	97
2	85	7	1	95
2	86	6	2	96
3	88	7	1	99
3	88	7	2	100
2	88	5	2	97
3	85	7	2	97
2	91	7	2	102
2	87	7	2	98
3	88	8	2	101
3	87	7	2	99
2	88	6	1	97
2	93	7	1	103
2	90	6	1	99
3	90	5	2	100
5	89	6	2	102
2	85	6	2	95
2	87	7	1	97
2	89	6	2	99
2	89	6	2	99
2	90	5	2	99
2	87	6	2	97
2	91	6	2	101
2	91	7	1	101
3	86	6	2	97
3	88	6	3	100
3	89	5	1	98
3	86	6	1	96
3	88	5	2	98
2	86	5	1	94
2	89	5	3	99
3	91	3	2	99
3	85	4	2	94
2	86	4	1	93
2	86	5	2	95
2	89	5	2	98
2	87	4	3	96
3	88	4	2	97
2	87	4	2	95
2	88	5	4	99
3	88	6	1	98
3	87	4	3	97
3	89	6	1	99
2	88	5	3	98
3	86	4	0	93
3	91	4	2	100
2	86	4	3	95
2	86	4	0	92
3	85	3	2	93
2	89	4	1	96
2	90	4	3	99
3	87	3	0	93
2	86	3	2	93
2	86	3	2	93
2	87	4	2	95
2	90	4	2	98
2	89	3	2	96
2	85	4	1	92
2	86	3	2	93
2	89	3	2	96
2	91	4	2	99
2	91	4	4	101
2	89	3	2	96
2	86	4	1	93
5	90	4	1	100
2	90	3	2	97
2	89	4	2	97
3	91	3	2	99
3	89	4	2	98
2	89	3	3	97
3	88	4	2	97
2	87	4	1	94
2	86	5	1	94
2	89	3	2	96
2	88	4	2	96
2	86	4	2	94
2	86	4	1	93
2	86	4	2	94
3	87	3	2	95
3	87	4	2	96
2	89	3	2	96
2	88	3	2	95
2	85	4	1	92
2	87	4	1	94
3	91	3	2	99
2	86	4	2	94
2	88	3	2	95
3	85	4	2	94
2	87	4	2	95
2	89	4	1	96
2	88	3	2	95
2	96	3	2	103
2	87	3	2	94
2	89	3	0	94
2	90	4	2	98
2	86	7	4	99
2	87	3	0	92
2	90	4	0	96
2	91	4	4	101
4	92	6	1	103
2	90	5	2	99
2	89	3	3	97
1	92	5	0	98
2	91	4	2	99
3	90	5	2	100
3	87	4	1	95
2	89	4	2	97
2	88	5	3	98
2	87	6	0	95
2	88	6	4	100
2	89	4	0	95
2	87	5	0	94
2	87	4	2	95
3	87	5	1	96
2	87	5	1	95
2	87	5	1	95
2	88	5	1	96
3	89	5	1	98
3	94	5	2	104
2	89	5	1	97
2	91	6	2	101
2	89	5	1	97
2	88	4	2	96
2	87	5	3	97
2	89	4	2	97
3	92	5	1	101
2	87	4	2	95
2	89	4	2	97
2	89	5	2	98
2	88	4	2	96
2	92	5	1	100
2	90	4	2	98
2	90	5	2	99
2	88	4	2	96
2	88	5	2	97
3	89	6	2	100
2	87	4	1	94
2	88	4	2	96
2	88	4	2	96
3	88	4	2	97
2	87	5	2	96
2	88	6	2	98
2	88	6	1	97
2	89	5	1	97
2	91	5	1	99
1	88	5	1	95
2	86	6	1	95
2	91	6	1	100
2	88	6	2	98
2	88	8	1	99
2	89	5	2	98
2	89	4	2	97
2	88	7	1	98
2	89	7	2	100
2	92	5	1	100
2	92	5	2	101
3	89	7	2	101
3	92	4	2	101
2	88	6	1	97
2	88	5	2	97
2	92	4	2	100
2	88	6	1	97
2	89	5	2	98
2	87	5	2	96
2	89	5	2	98
2	90	5	2	99
2	87	4	3	96
2	86	4	0	92
2	87	3	0	92
2	86	1	0	89
2	90	3	4	99
2	89	4	1	96
2	88	5	1	96
2	89	6	2	99
2	88	4	1	95
3	87	3	0	93
2	87	5	2	96
2	89	4	0	95
2	87	5	1	95
2	87	4	0	93
2	85	4	3	94
3	88	4	0	95
2	86	2	4	94
2	87	2	0	91
3	90	6	3	102
2	86	3	0	91
2	87	5	3	97
2	88	3	0	93
2	85	4	4	95
2	87	4	0	93
2	86	3	2	93
2	86	5	3	96
2	85	3	0	90
3	87	3	2	95
2	89	5	3	99
2	88	4	0	94
2	89	5	2	98
2	92	3	2	99
2	90	5	2	99
2	91	4	3	100
2	88	5	0	95
2	86	4	3	95
2	90	4	0	96
2	89	5	4	100
2	90	4	0	96
1	90	6	3	100
3	90	5	0	98
2	90	4	3	99
2	90	5	0	97
2	90	5	3	100
2	89	4	0	95
2	86	4	4	96
3	87	6	0	96
3	91	6	3	103
2	87	4	0	93
3	88	5	2	98
2	88	4	2	96
3	87	6	3	99
2	88	5	0	95
2	86	6	0	94
2	86	4	2	94
2	88	5	0	95
2	89	6	1	98
2	86	4	4	96
3	87	4	0	94
1	90	5	3	99
2	86	5	0	93
2	88	6	3	99
2	90	6	0	98
4	90	6	4	104
2	90	5	0	97
2	87	6	2	97
2	88	5	2	97
2	89	5	1	97
3	86	6	2	97
3	83	7	2	95
4	85	6	1	96
2	86	5	0	93
2	85	5	2	94
3	85	6	2	96
3	86	7	1	97
2	87	5	0	94
3	86	6	4	99
2	84	6	0	92
2	85	7	1	95
3	93	6	2	104
2	86	5	4	97
2	89	3	0	94
2	87	5	1	95
2	92	6	3	103
2	88	6	0	96
2	86	5	2	95
2	88	6	2	98
2	98	7	3	110
2	90	6	0	98
2	91	6	2	101
2	91	7	2	102
2	90	6	4	102
2	91	5	0	98
2	88	7	3	100
2	87	5	0	94
2	94	6	4	106
2	89	6	0	97
2	87	6	2	97
2	88	4	1	95
3	87	6	2	98